time,x,y,z,phi,theta,psi,x_velocity,y_velocity,z_velocity,phi_velocity,theta_velocity,psi_velocity,rotor_speed1,rotor_speed2,rotor_speed3,rotor_speed4
0.06,6.23052137957e-08,3.76442546454e-08,0.0042371595661,4.33942869584e-05,6.28309309053,0.0,6.85408326749e-06,3.64158452456e-06,0.141230894203,0.00213196039193,-0.00480335277496,0.0,466.16637631373,465.73190669923093,464.25565171842334,464.39179470369226
0.12000000000000001,3.66621215629e-06,1.76528547398e-06,0.0169300546874,0.000219019158892,6.28279520627,0.0,0.000144926899513,7.03892907972e-05,0.281840645649,0.00447180356439,-0.00528949291889,0.0,466.16637631373,465.73190669923093,464.25565171842334,464.39179470369226
0.18,2.21303736185e-05,1.18964579408e-05,0.0380579985128,0.000522212422011,6.28253512807,0.0,0.000501642320377,0.000298196771738,0.422382002405,0.00619146745172,-0.00249012668944,0.0,466.16637631373,465.73190669923093,464.25565171842334,464.39179470369226
0.23999999999999996,6.69752309015e-05,4.28085613905e-05,0.0676244242269,0.000988829978519,6.28247843666,0.0,0.00100410013809,0.000777633961561,0.563106101335,0.0107730897804,0.00197945488602,0.0,466.16637631373,465.73190669923093,464.25565171842334,464.39179470369226
0.3,0.00014214686851,0.000113809562666,0.1056150875,0.00174932258362,6.28265115812,0.0,0.00148577502163,0.00166517717826,0.703173034871,0.0162302125625,0.00461921294162,0.0,466.16637631373,465.73190669923093,464.25565171842334,464.39179470369226
0.36000000000000004,0.000241794289296,0.000256090490375,0.151990705652,0.00293354016049,6.28298053865,0.0,0.0018029979864,0.00319455156813,0.842587836945,0.0259608816017,0.00717619173621,0.0,466.16637631373,465.73190669923093,464.25565171842334,464.39179470369226
0.4200000000000001,0.000352694746809,0.000518299347984,0.206717620323,0.00468656383547,0.000237024227276,0.0,0.00184666050586,0.00572452267923,0.981532665318,0.0350413025769,0.00773466550798,0.0,466.16637631373,465.73190669923093,464.25565171842334,464.39179470369226
0.48000000000000015,0.000456431318113,0.000972700742993,0.269761699502,0.00700325252999,0.000724358111828,0.0,0.00156003535322,0.00966032785875,1.11980977372,0.0449345527474,0.00888632649347,0.0,466.16637631373,465.73190669923093,464.25565171842334,464.39179470369226
0.5400000000000001,0.000532116218274,0.00171599417502,0.341092425875,0.00982323926023,0.00122285346143,0.0,0.000907370818304,0.0154121640282,1.25773684421,0.0508384819832,0.00712627721965,0.0,466.16637631373,465.73190669923093,464.25565171842334,464.39179470369226
0.6000000000000002,0.00055828845357,0.002866833263,0.420659069917,0.0129375853063,0.00155431556092,0.0,-7.57522046854e-05,0.0232786699604,1.39432408282,0.0539584517463,0.00211077417672,0.0,466.16637631373,465.73190669923093,464.25565171842334,464.39179470369226
0.6600000000000003,0.000519514830144,0.00455762575864,0.508377230681,0.0162623578424,0.00162810063326,0.0,-0.0012272405404,0.0334306200406,1.52943833788,0.0581726058742,-0.000593380535254,0.0,466.16637631373,465.73190669923093,464.25565171842334,464.39179470369226
0.7200000000000003,0.000410775339017,0.00693020608214,0.604170552141,0.0198125492507,0.00149856391094,0.0,-0.00238848412636,0.0460290824039,1.66347997447,0.0610924671026,-0.0054901331185,0.0,466.16637631373,465.73190669923093,464.25565171842334,464.39179470369226
0.7800000000000004,0.00023631714765,0.0101354984559,0.707960102056,0.0235793941855,0.00120995472198,0.0,-0.00339352888607,0.0612069697153,1.79596405545,0.0659584833864,-0.00348367484967,0.0,466.16637631373,465.73190669923093,464.25565171842334,464.39179470369226
0.8400000000000004,7.20392953419e-06,0.0143331104734,0.819660297009,0.0274848944393,0.00119130202755,0.0,-0.00423188434435,0.0791273743016,1.92715257974,0.0633000137198,0.00538041827776,0.0,466.16637631373,465.73190669923093,464.25565171842334,464.39179470369226
0.9000000000000005,-0.000273761172555,0.0196888091911,0.939201281433,0.0311500077405,0.00157808400758,0.0,-0.00517120458311,0.0997870902219,2.0573090942,0.0562427093223,0.00849737577433,0.0,466.16637631373,465.73190669923093,464.25565171842334,464.39179470369226
0.9600000000000005,-0.00062005861389,0.0263602679134,1.06651156454,0.03447484108,0.00208743543253,0.0,-0.00642581480869,0.12294303796,2.1861164319,0.0537031834617,0.00847281442806,0.0,466.16637631373,465.73190669923093,464.25565171842334,464.39179470369226
1.0200000000000005,-0.00105243474877,0.0344898799181,1.2014882,0.0375807241793,0.00254956546607,0.0,-0.00803766638644,0.148370501301,2.31284288868,0.0475764844575,0.00611448600352,0.0,466.16637631373,465.73190669923093,464.25565171842334,464.39179470369226
1.0800000000000005,-0.00159075143574,0.0442084105699,1.34401672303,0.0403310078931,0.00286101164953,0.0,-0.00994148157134,0.175866579319,2.43783564648,0.0421136767639,0.00327611094573,0.0,466.16637631373,465.73190669923093,464.25565171842334,464.39179470369226
1.1400000000000006,-0.00224914912122,0.0556320445965,1.4939887762,0.0428103775203,0.00301492204193,0.0,-0.0120228526229,0.205173451843,2.56095111325,0.0396927300199,0.00110387332742,0.0,466.16637631373,465.73190669923093,464.25565171842334,464.39179470369226
1.2000000000000006,-0.00303500303668,0.0688632691231,1.65127528332,0.0450927381255,0.00305535576015,0.0,-0.0141770586012,0.236099688534,2.68164277234,0.0345095379146,-0.000200311108136,0.0,466.16637631373,465.73190669923093,464.25565171842334,464.39179470369226
1.2600000000000007,-0.0039506662991,0.083995686154,1.81576522542,0.047174587628,0.00314618434517,0.0,-0.0163485166781,0.268517712749,2.80105611126,0.0350706945876,0.00473900992254,0.0,466.16637631373,465.73190669923093,464.25565171842334,464.39179470369226
1.3200000000000007,-0.00499944678604,0.101114168222,1.98735215736,0.0492496452094,0.0034720006726,0.0,-0.0186418413657,0.302301379977,2.91820108004,0.0335935176956,0.0067782056811,0.0,466.16637631373,465.73190669923093,464.25565171842334,464.39179470369226
1.3800000000000008,-0.00619293052102,0.120299300489,2.16589183916,0.0511859411076,0.00389231708883,0.0,-0.0211829944545,0.337392354978,3.0328085351,0.0294878164435,0.00745559976922,0.0,466.16637631373,465.73190669923093,464.25565171842334,464.39179470369226
1.4400000000000008,-0.00754761542376,0.141626392291,2.3512464316,0.0528836333164,0.00424367636622,0.0,-0.0240136810188,0.373672964079,3.14535918862,0.0257957739472,0.00244762486456,0.0,466.16637631373,465.73190669923093,464.25565171842334,464.39179470369226
1.5000000000000009,-0.00907809009824,0.165161428158,2.543290116,0.0542680003549,0.00424719535756,0.0,-0.0270091088443,0.410961612427,3.2557739567,0.0169797677921,-0.00520814474312,0.0,466.16637631373,465.73190669923093,464.25565171842334,464.39179470369226
1.560000000000001,-0.0107862149232,0.190955440008,2.74186829482,0.0551686282492,0.00380921511485,0.0,-0.0298887282291,0.448917955461,3.36317642162,0.0107484430337,-0.0118505218939,0.0,466.16637631373,465.73190669923093,464.25565171842334,464.39179470369226
1.620000000000001,-0.0126562235901,0.219040005038,2.94682467457,0.0557082695082,0.00305964678036,0.0,-0.0323686368597,0.487274267285,3.46837910827,0.00523148324724,-0.0138093242523,0.0,466.16637631373,465.73190669923093,464.25565171842334,464.39179470369226
1.680000000000001,-0.0146588081191,0.249431742167,3.1580293078,0.0560396779965,0.00225208970497,0.0,-0.0342993721323,0.525794776112,3.57144980221,0.00610118077287,-0.0127682552837,0.0,466.16637631373,465.73190669923093,464.25565171842334,464.39179470369226
1.740000000000001,-0.0167605503457,0.282137503585,3.37535637539,0.056382595573,0.0014884305519,0.0,-0.0356798267689,0.564410876725,3.67245685765,0.00493209404215,-0.0126465721066,0.0,466.16637631373,465.73190669923093,464.25565171842334,464.39179470369226
1.8000000000000012,-0.0189292937615,0.317162726971,3.59868259638,0.0566540883381,0.000791547474122,0.0,-0.0365370748297,0.603102147663,3.77141939618,0.00369770841921,-0.0096270103813,0.0,466.16637631373,465.73190669923093,464.25565171842334,464.39179470369226
1.8600000000000012,-0.0211357560069,0.354509899922,3.82787820342,0.056855599725,0.00031163673473,0.0,-0.0369579156422,0.641801160801,3.86810223636,0.00267132982978,-0.0049256371738,0.0,466.16637631373,465.73190669923093,464.25565171842334,464.39179470369226
1.9200000000000013,-0.0233587754417,0.394177609399,4.06279916206,0.0570707926209,0.000235115716912,0.0,-0.0371246749139,0.680450413712,3.96226473615,0.00535699043217,0.00517546582674,0.0,466.16637631373,465.73190669923093,464.25565171842334,464.39179470369226
1.9800000000000013,-0.0255924809755,0.436164128559,4.30329813057,0.0575302644765,0.000740238716843,0.0,-0.0373738928182,0.719115102068,4.05403462032,0.0119026796046,0.0142231712234,0.0,466.16637631373,465.73190669923093,464.25565171842334,464.39179470369226
2.0400000000000014,-0.0278536347584,0.480476555683,4.54924132202,0.058284895012,0.00192477456773,0.0,-0.0381018758576,0.7580143767,4.14373569667,0.013893128368,0.0289679595894,0.0,466.16637631373,465.73190669923093,464.25565171842334,464.39179470369226
2.1000000000000014,-0.0301859166871,0.527133181544,4.80049199682,0.0591490607013,0.00409030010973,0.0,-0.0398385322518,0.797265677704,4.23095086952,0.0154029960421,0.0474814197482,0.0,466.16637631373,465.73190669923093,464.25565171842334,464.39179470369226
2.1600000000000015,-0.0326702446753,0.576157379251,5.05690639533,0.0600996027931,0.00736915284454,0.0,-0.0432797572487,0.836941305172,4.31585932628,0.0167069037206,0.0660895181507,0.0,466.16637631373,465.73190669923093,464.25565171842334,464.39179470369226
2.2200000000000015,-0.0354310631411,0.6275771521,5.31836325515,0.0611325177439,0.0116660233539,0.0,-0.0491582767758,0.877125066392,4.39902981036,0.0182129787555,0.0808448556171,0.0,466.16637631373,465.73190669923093,464.25565171842334,464.39179470369226
2.2800000000000016,-0.0386339885683,0.681424218457,5.58475480409,0.0621337435193,0.0168264357726,0.0,-0.0581008449628,0.917852918848,4.48034606523,0.013446146184,0.094720326683,0.0,466.16637631373,465.73190669923093,464.25565171842334,464.39179470369226
2.3400000000000016,-0.0424794227757,0.737728837974,5.85596696772,0.0628193906038,0.022724010794,0.0,-0.0706491911262,0.959012292886,4.55971662578,0.00704906679417,0.104616787613,0.0,466.16637631373,465.73190669923093,464.25565171842334,464.39179470369226
2.4000000000000017,-0.0471967403608,0.796508854555,6.13186585502,0.0631442945612,0.0292249937563,0.0,-0.0872188897555,1.00032788546,4.63657256851,0.00192839296725,0.114924237588,0.0,466.16637631373,465.73190669923093,464.25565171842334,464.39179470369226
2.4600000000000017,-0.0530388652006,0.857767120946,6.41231170515,0.0631552284157,0.0363803734679,0.0,-0.108201706758,1.04158885714,4.71128167019,-0.00356157431013,0.126747906197,0.0,466.16637631373,465.73190669923093,464.25565171842334,464.39179470369226
2.520000000000002,-0.060282800307,0.921493420328,6.69716843617,0.0629647143152,0.0442158694716,0.0,-0.134009241957,1.0825683806,4.78360104257,-0.00241348976612,0.137337038238,0.0,466.16637631373,465.73190669923093,464.25565171842334,464.39179470369226
2.580000000000002,-0.0692298068498,0.987667536556,6.9862831666,0.0628649909119,0.0526128561599,0.0,-0.165023397992,1.12319012586,4.85321131516,-0.000199905820425,0.144715863962,0.0,466.16637631373,465.73190669923093,464.25565171842334,464.39179470369226
2.640000000000002,-0.080201857203,1.05627041302,7.2795010507,0.0628417772751,0.0612886505998,0.0,-0.201539889424,1.16353663895,4.92036765784,-0.000763551979524,0.144357208023,0.0,466.16637631373,465.73190669923093,464.25565171842334,464.39179470369226
2.700000000000002,-0.0935318816922,1.12728619851,7.57667224095,0.0627167671964,0.0700786871533,0.0,-0.243621564144,1.20361324908,4.98498596903,-0.00486370069771,0.150470989392,0.0,466.16637631373,465.73190669923093,464.25565171842334,464.39179470369226
2.760000000000002,-0.109556032937,1.2006956121,7.87764152987,0.0622478191673,0.0793208797146,0.0,-0.291378371064,1.24329527331,5.04696859818,-0.0144928117199,0.1603465242,0.0,466.16637631373,465.73190669923093,464.25565171842334,464.39179470369226
2.820000000000002,-0.128623439817,1.27646724298,8.18225637863,0.061255155192,0.0889729995306,0.0,-0.34510514402,1.28229905839,5.10650231041,-0.0210002299874,0.161891666541,0.0,466.16637631373,465.73190669923093,464.25565171842334,464.39179470369226
2.880000000000002,-0.151097678171,1.35455075933,8.4903714649,0.0598288163796,0.098766364663,0.0,-0.404944710294,1.32031825122,5.16364094589,-0.0299890989191,0.165756915756,0.0,466.16637631373,465.73190669923093,464.25565171842334,464.39179470369226
2.940000000000002,-0.177347711666,1.43487815347,8.80184424943,0.0579585646885,0.108836419352,0.0,-0.470983488776,1.35704689086,5.21842207098,-0.0336453410262,0.171690012509,0.0,466.16637631373,465.73190669923093,464.25565171842334,464.39179470369226
3.000000000000002,-0.207750561803,1.51736479804,9.11653725648,0.0559459534841,0.119215315811,0.0,-0.543397317788,1.39227606474,5.2709722516,-0.0333406930959,0.175443753202,0.0,466.16637631373,465.73190669923093,464.25565171842334,464.39179470369226
3.0600000000000023,-0.242693138837,1.60191899928,9.43431568838,0.0540651507257,0.129728112874,0.0,-0.622318151403,1.4259736257,5.32125767436,-0.0276311170995,0.174749004542,0.0,466.16637631373,465.73190669923093,464.25565171842334,464.39179470369226
3.1200000000000023,-0.282567334616,1.68845311873,9.75504877925,0.0525909539159,0.140230597539,0.0,-0.707775481638,1.45831041961,5.36944633881,-0.0190604594915,0.175619065227,0.0,466.16637631373,465.73190669923093,464.25565171842334,464.39179470369226
3.1800000000000024,-0.327762009195,1.77689327801,10.0785923405,0.0516269646318,0.150678077963,0.0,-0.799660112101,1.48955811622,5.41492594568,-0.0106660426071,0.170959488713,0.0,466.16637631373,465.73190669923093,464.25565171842334,464.39179470369226
3.2400000000000024,-0.378660047774,1.86718435973,10.404787008,0.0511050867779,0.160844984324,0.0,-0.897854168363,1.52005315991,5.45780570621,-0.0050267570391,0.166245618993,0.0,466.16637631373,465.73190669923093,464.25565171842334,464.39179470369226
3.3000000000000025,-0.435632192903,1.95928886452,10.7334675933,0.0508695254511,0.170803002174,0.0,-1.00210023249,1.55003521595,5.49778185007,-0.00181061986782,0.165404536289,0.0,466.16637631373,465.73190669923093,464.25565171842334,464.39179470369226
3.3600000000000025,-0.499037487966,2.05318113309,11.0644607437,0.0507773079018,0.180752822991,0.0,-1.11228319678,1.57966074746,5.53488085379,-0.000995135211522,0.166667510377,0.0,466.16637631373,465.73190669923093,464.25565171842334,464.39179470369226
3.4200000000000026,-0.569229095024,2.14884134758,11.3975806976,0.0506733070148,0.190802950621,0.0,-1.22831219895,1.60896792347,5.56866598459,-0.00325235239298,0.169118992923,0.0,466.16637631373,465.73190669923093,464.25565171842334,464.39179470369226
3.4800000000000026,-0.646562883932,2.2462506177,11.7326493363,0.0504857542683,0.201008577569,0.0,-1.35036375378,1.63795132005,5.59982310296,-0.00287410779415,0.171972788134,0.0,466.16637631373,465.73190669923093,464.25565171842334,464.39179470369226
3.5400000000000027,-0.731397954671,2.3453872079,12.0694863088,0.0502132190351,0.211303011018,0.0,-1.47836013329,1.6665419091,5.6275986857,-0.00810692095216,0.170765097704,0.0,466.16637631373,465.73190669923093,464.25565171842334,464.39179470369226
3.6000000000000028,-0.824088565082,2.44622429753,12.4078781566,0.0496811771071,0.221424992682,0.0,-1.61219818669,1.69460745015,5.65164942243,-0.0104333829822,0.164217812047,0.0,466.16637631373,465.73190669923093,464.25565171842334,464.39179470369226
3.660000000000003,-0.924983809385,2.54872696275,12.7476190966,0.0490034048631,0.231273951879,0.0,-1.75181221794,1.72204798949,5.67256548161,-0.0130802175087,0.164012171181,0.0,466.16637631373,465.73190669923093,464.25565171842334,464.39179470369226
3.720000000000003,-1.03442527527,2.65285489632,13.0885192647,0.0481901554204,0.241058189019,0.0,-1.89706375052,1.74876943278,5.69028107171,-0.0145192698415,0.161120451578,0.0,466.16637631373,465.73190669923093,464.25565171842334,464.39179470369226
3.780000000000003,-1.1527450925,2.7585619719,13.4303710934,0.0471939283412,0.250604329948,0.0,-2.04773457928,1.77467457099,5.7042844003,-0.0211375952651,0.154731637291,0.0,466.16637631373,465.73190669923093,464.25565171842334,464.39179470369226
3.840000000000003,-1.28026988044,2.86579628169,13.772980308,0.0457981070958,0.259751346245,0.0,-2.20385862904,1.79964138023,5.71552683592,-0.0278959943718,0.147452070297,0.0,466.16637631373,465.73190669923093,464.25565171842334,464.39179470369226
3.900000000000003,-1.41731540491,2.97449359469,14.1161672777,0.0439834534157,0.268411575527,0.0,-2.36505053891,1.823405277,5.72354795057,-0.0354103624288,0.137247667044,0.0,466.16637631373,465.73190669923093,464.25565171842334,464.39179470369226
3.960000000000003,-1.56417399354,3.08457383654,14.4597317144,0.0417291949921,0.276423451734,0.0,-2.53090634734,1.84570087881,5.72812189374,-0.0422849223451,0.124820585445,0.0,466.16637631373,465.73190669923093,464.25565171842334,464.39179470369226
4.020000000000002,-1.72111203257,3.19594126923,14.8034636575,0.0390840660967,0.283688902234,0.0,-2.70096999537,1.86627845359,5.72914998283,-0.0479532185142,0.112341858209,0.0,466.16637631373,465.73190669923093,464.25565171842334,464.39179470369226
4.080000000000001,-1.88836702748,3.30848632233,15.1471458181,0.0361351627569,0.290305719804,0.0,-2.87474841184,1.88492967938,5.72648225213,-0.0516518848,0.105804933584,0.0,466.16637631373,465.73190669923093,464.25565171842334,464.39179470369226
4.14,-2.06616007272,3.42209002352,15.4905848082,0.0329864961815,0.296553394084,0.0,-3.05221010956,1.90155115698,5.72104903239,-0.0541822883477,0.10054632449,0.0,466.16637631373,465.73190669923093,464.25565171842334,464.39179470369226
4.199999999999998,-2.25470940005,3.53662809366,15.8336232657,0.0296100717526,0.302464980358,0.0,-3.2332687612,1.91606209058,5.71313283364,-0.0608222501058,0.0941489474273,0.0,466.16637631373,465.73190669923093,464.25565171842334,464.39179470369226
4.259999999999997,-2.45422318272,3.65196940596,16.1761033627,0.0258683751777,0.308061941291,0.0,-3.4176696953,1.92829572359,5.70244406688,-0.0656315983495,0.0914926567396,0.0,466.16637631373,465.73190669923093,464.25565171842334,464.39179470369226
4.319999999999996,-2.66490120107,3.76797210979,16.517867164,0.0218526937959,0.313453837456,0.0,-3.60540211297,1.93808761268,5.68925501299,-0.0696543835021,0.0863953722372,0.0,466.16637631373,465.73190669923093,464.25565171842334,464.39179470369226
4.379999999999995,-2.88693535561,3.88448538159,16.8587470983,0.0175638993368,0.318500474654,0.0,-3.79619037909,1.9452971421,5.67298884991,-0.0754043976554,0.079100878527,0.0,466.16637631373,465.73190669923093,464.25565171842334,464.39179470369226
4.439999999999993,-3.12050490953,4.00135016177,17.1985603788,0.0129426735457,0.323110207117,0.0,-3.98989150515,1.94978017549,5.65371227163,-0.0804638116408,0.0718495257417,0.0,466.16637631373,465.73190669923093,464.25565171842334,464.39179470369226
4.499999999999992,-3.36577835971,4.11839822543,17.5371243034,0.00809393081686,0.327262943324,0.0,-4.18629775987,1.95138910952,5.63135699142,-0.0815183406742,0.0633368249861,0.0,466.16637631373,465.73190669923093,464.25565171842334,464.39179470369226
4.559999999999991,-3.62291667506,4.23545515578,17.8742673946,0.00308341182914,0.330971095468,0.0,-4.38536270352,1.95007213775,5.60636292621,-0.0878171648132,0.0585439832383,0.0,466.16637631373,465.73190669923093,464.25565171842334,464.39179470369226
4.6199999999999894,-3.89208012836,4.35234277255,18.2098457585,6.28078861683,0.334438467359,0.0,-4.58712967239,1.94571478069,5.57920335105,-0.09950317688,0.0562369188915,0.0,466.16637631373,465.73190669923093,464.25565171842334,464.39179470369226
4.679999999999988,-4.17342295881,4.46887053075,18.5437079587,6.27460268512,0.337810048226,0.0,-4.79135029028,1.93802260684,5.54916180233,-0.111478745649,0.0561050964407,0.0,466.16637631373,465.73190669923093,464.25565171842334,464.39179470369226
4.739999999999987,-4.46709807053,4.58482731876,18.8756908825,6.26778851064,0.341173923262,0.0,-4.99822227803,1.92663096069,5.51655677441,-0.118114066368,0.0559834684834,0.0,466.16637631373,465.73190669923093,464.25565171842334,464.39179470369226
4.799999999999986,-4.77326405448,4.69998295666,19.2056289959,6.26049181643,0.344467218965,0.0,-5.20772748783,1.91128911319,5.48099719308,-0.129721711041,0.0526035352206,0.0,466.16637631373,465.73190669923093,464.25565171842334,464.39179470369226
4.859999999999984,-5.09208909992,4.81409244139,19.5333670671,6.25251071428,0.347562826837,0.0,-5.42019580146,1.89170839806,5.44322109197,-0.140587673,0.0494934739115,0.0,466.16637631373,465.73190669923093,464.25565171842334,464.39179470369226
4.919999999999983,-5.42375072353,4.92689154392,19.8587678495,6.24387803103,0.350366886854,0.0,-5.63561759703,1.86756351171,5.40308728125,-0.151429811647,0.0405516523978,0.0,466.16637631373,465.73190669923093,464.25565171842334,464.39179470369226
4.979999999999982,-5.76841976699,5.03809768336,20.1816751666,6.23463993036,0.352666367392,0.0,-5.85376452269,1.83856602903,5.3601213446,-0.159593881564,0.0334518155571,0.0,466.16637631373,465.73190669923093,464.25565171842334,464.39179470369226
5.0399999999999805,-6.12626256775,5.14741137698,20.5019343814,6.22498386773,0.354573250065,0.0,-6.07473870573,1.80445362294,5.31482315353,-0.163756010713,0.0282123916603,0.0,466.16637631373,465.73190669923093,464.25565171842334,464.39179470369226
5.099999999999979,-6.49745589767,5.25452026106,20.8194261861,6.21512431466,0.356205701395,0.0,-6.29878458166,1.76506368013,5.26786854092,-0.165489078753,0.0251183069422,0.0,466.16637631373,465.73190669923093,464.25565171842334,464.39179470369226
5.159999999999978,-6.88217157374,5.35910925072,21.134012841,6.20528289718,0.357744431295,0.0,-6.52549846361,1.7204664717,5.21797743957,-0.161246575666,0.0266794338704,0.0,466.16637631373,465.73190669923093,464.25565171842334,464.39179470369226
5.219999999999977,-7.28058080997,5.46086850015,21.4455341697,6.19551878952,0.35943734893,0.0,-6.75526570592,1.67076669401,5.16566391918,-0.165887521612,0.0311220791592,0.0,466.16637631373,465.73190669923093,464.25565171842334,464.39179470369226
5.279999999999975,-7.69287583681,5.55949385739,21.7538446657,6.18543653009,0.361344809902,0.0,-6.98839629442,1.61599323857,5.11091487801,-0.172720625824,0.0330961685494,0.0,466.16637631373,465.73190669923093,464.25565171842334,464.39179470369226
5.339999999999974,-8.11926048064,5.65467938571,22.0587778297,6.17497884435,0.363369275997,0.0,-7.2249526414,1.5560885569,5.0530589078,-0.177639910262,0.0350004874879,0.0,466.16637631373,465.73190669923093,464.25565171842334,464.39179470369226
5.399999999999973,-8.55993911925,5.74611680956,22.3601209591,6.16423049794,0.365589495356,0.0,-7.46489930735,1.49105007941,4.99121924256,-0.182314949691,0.0407350574593,0.0,466.16637631373,465.73190669923093,464.25565171842334,464.39179470369226
5.4599999999999715,-9.01512754067,5.8334960165,22.657639349,6.15319589685,0.36803284593,0.0,-7.70865454313,1.42081130763,4.92552714546,-0.187302296723,0.0406974087419,0.0,466.16637631373,465.73190669923093,464.25565171842334,464.39179470369226
5.51999999999997,-9.4850645327,5.91650328061,22.951102343,6.14184602284,0.370493405883,0.0,-7.9565467637,1.34531270784,4.85601145744,-0.19316977074,0.0416258301887,0.0,466.16637631373,465.73190669923093,464.25565171842334,464.39179470369226
5.579999999999969,-9.97001013438,5.99481959876,23.2402893102,6.1302572616,0.372906626834,0.0,-8.20896988187,1.26444219721,4.78295969595,-0.193098640202,0.0372506324137,0.0,466.16637631373,465.73190669923093,464.25565171842334,464.39179470369226
5.639999999999968,-10.4702324923,6.06812688908,23.5249616445,6.11873793675,0.374984447203,0.0,-8.46578719877,1.1783665934,4.70551453383,-0.189859868243,0.0287951502793,0.0,466.16637631373,465.73190669923093,464.25565171842334,464.39179470369226
5.699999999999966,-10.9860028662,6.1361159124,23.8048681647,6.10735846106,0.376599548496,0.0,-8.72724456597,1.08719539334,4.62410121523,-0.189257710479,0.0228730708785,0.0,466.16637631373,465.73190669923093,464.25565171842334,464.39179470369226
5.759999999999965,-11.517604572,6.19848476028,24.0797769657,6.09603992409,0.37790931328,0.0,-8.99351595099,0.991047602843,4.5389142059,-0.187440858365,0.0196560658045,0.0,466.16637631373,465.73190669923093,464.25565171842334,464.39179470369226
5.819999999999964,-12.065329565,6.2549399463,24.3494559856,6.08490746194,0.379131855046,0.0,-9.26471554596,0.890103713758,4.44975343665,-0.181994267567,0.0217773373942,0.0,466.16637631373,465.73190669923093,464.25565171842334,464.39179470369226
5.879999999999963,-12.6294759874,6.30520338287,24.6136506009,6.07415733168,0.380448904554,0.0,-9.54093679172,0.784706204564,4.35606433197,-0.174051652927,0.0222955284458,0.0,466.16637631373,465.73190669923093,464.25565171842334,464.39179470369226
5.939999999999961,-13.2103588188,6.34901580824,24.8720962992,6.06396131457,0.381916853934,0.0,-9.82263478967,0.675132281534,4.25808548528,-0.162769064426,0.0284865093792,0.0,466.16637631373,465.73190669923093,464.25565171842334,464.39179470369226
5.99999999999996,-13.8083140695,6.38614126593,25.1245232635,6.05447520735,0.383628627419,0.0,-10.1100650379,0.561886004482,4.15538859604,-0.150113131482,0.0286155032348,0.0,466.16637631373,465.73190669923093,464.25565171842334,464.39179470369226
6.059999999999959,-14.4236888446,6.4163784052,25.3706260205,6.04567578353,0.385426582599,0.0,-10.4033276705,0.445596196677,4.04725085662,-0.140519655454,0.0325380832173,0.0,466.16637631373,465.73190669923093,464.25565171842334,464.39179470369226
6.1199999999999575,-15.0568410158,6.43955985171,25.6100679072,6.037477332,0.387522890399,0.0,-10.702697209,0.326764132139,3.93331303376,-0.129841478352,0.0393514035359,0.0,466.16637631373,465.73190669923093,464.25565171842334,464.39179470369226
6.179999999999956,-15.7081459354,6.45554871934,25.8424855741,6.02999088677,0.390037083359,0.0,-11.0084773683,0.205920411486,3.81305226243,-0.116199471543,0.0465711369575,0.0,466.16637631373,465.73190669923093,464.25565171842334,464.39179470369226
6.239999999999955,-16.3780069992,6.46423655188,26.0675040966,6.02330186403,0.393000168282,0.0,-11.3212938004,0.0834821287899,3.68661012858,-0.103420696809,0.0544878704084,0.0,466.16637631373,465.73190669923093,464.25565171842334,464.39179470369226
6.299999999999954,-17.0668619569,6.46554248965,26.2847472427,6.01725819477,0.39642551305,0.0,-11.6416675679,-0.0400647595353,3.55380010781,-0.0958267142521,0.0618391337043,0.0,466.16637631373,465.73190669923093,464.25565171842334,464.39179470369226
6.359999999999952,-17.7751790423,6.45941271856,26.4938230938,6.01158671791,0.400430736033,0.0,-11.9700946503,-0.16431544049,3.41428029854,-0.0920416896625,0.0751107064564,0.0,466.16637631373,465.73190669923093,464.25565171842334,464.39179470369226
6.419999999999951,-18.5034508644,6.44581917382,26.6942998384,6.00628427881,0.405205203086,0.0,-12.3068939715,-0.28879723247,3.26704762834,-0.0819003383997,0.0872657745473,0.0,466.16637631373,465.73190669923093,464.25565171842334,464.39179470369226
6.47999999999995,-19.2521941983,6.42476126666,26.8856932131,6.0014388995,0.410753294885,0.0,-12.6525445853,-0.413051864886,3.11138452137,-0.0785625230774,0.10123915799,0.0,466.16637631373,465.73190669923093,464.25565171842334,464.39179470369226
6.5399999999999485,-20.021944947,6.39627196994,27.0674531995,5.99689050776,0.417061875843,0.0,-13.007208049,-0.536450514008,2.94580750856,-0.0707997324263,0.11198282661,0.0,466.16637631373,465.73190669923093,464.25565171842334,464.39179470369226
6.599999999999947,-20.8132563156,6.3604161923,27.2389581888,5.99261612783,0.424252967289,0.0,-13.3712963116,-0.658532471957,2.76941872427,-0.0721338836617,0.132177419553,0.0,466.16637631373,465.73190669923093,464.25565171842334,464.39179470369226
6.659999999999946,-21.6267127088,6.31728205418,27.3995407497,5.98834635854,0.43257378813,0.0,-13.7454344017,-0.779002485249,2.58153479869,-0.0692891602942,0.149245591206,0.0,466.16637631373,465.73190669923093,464.25565171842334,464.39179470369226
6.719999999999945,-22.462921646,6.26698370099,27.5484592288,5.98428690125,0.441715330505,0.0,-14.1297681947,-0.897270344373,2.38044873064,-0.0645808777528,0.157947569764,0.0,466.16637631373,465.73190669923093,464.25565171842334,464.39179470369226
6.779999999999943,-23.3225190437,6.20965855272,27.6849179247,5.98060189689,0.451286460206,0.0,-14.5251026128,-1.01316203598,2.16607530757,-0.0557421721986,0.162485703273,0.0,466.16637631373,465.73190669923093,464.25565171842334,464.39179470369226
6.839999999999942,-24.2061656773,6.14546947736,27.8080737129,5.97743306325,0.461130007244,0.0,-14.931468551,-1.12599850814,1.9369088535,-0.0475224470448,0.167029728933,0.0,466.16637631373,465.73190669923093,464.25565171842334,464.39179470369226
6.899999999999941,-25.1145386147,6.07461179956,27.9170220247,5.97465384334,0.471206754993,0.0,-15.3493753736,-1.23538445518,1.69237401615,-0.044019125667,0.16971531218,0.0,466.16637631373,465.73190669923093,464.25565171842334,464.39179470369226
6.95999999999994,-26.0483362233,5.99730866929,28.0108031635,5.97203753679,0.48152827616,0.0,-15.7790261198,-1.34079667058,1.43121310668,-0.0427899098512,0.176280004453,0.0,466.16637631373,465.73190669923093,464.25565171842334,464.39179470369226
7.019999999999938,-27.008290238,5.91380107177,28.0884166992,5.96950148213,0.492208335108,0.0,-16.2213185764,-1.4421430898,1.15328950069,-0.0412431429243,0.181233526453,0.0,466.16637631373,465.73190669923093,464.25565171842334,464.39179470369226
7.079999999999937,-27.9951703796,5.82434573015,28.1488198728,5.9670436839,0.503206835181,0.0,-16.6766319939,-1.538996544,0.857367694928,-0.0404095676953,0.18715924402,0.0,466.16637631373,465.73190669923093,464.25565171842334,464.39179470369226
7.139999999999936,-29.0097808377,5.72921931356,28.1909130757,5.96473685088,0.514511800697,0.0,-17.1457311914,-1.63111347631,0.542770392368,-0.0347869066394,0.19081457399,0.0,466.16637631373,465.73190669923093,464.25565171842334,464.39179470369226
7.1999999999999345,-30.0529528621,5.62872596134,28.2135200217,5.96280839353,0.525945173326,0.0,-17.628771177,-1.71782470526,0.207657199751,-0.0273152391663,0.190035257432,0.0,466.16637631373,465.73190669923093,464.25565171842334,464.39179470369226
7.259999999999933,-31.1255379307,5.52320621385,28.2153697408,5.96146636314,0.537402502989,0.0,-18.1262786273,-1.79859259647,-0.149289384274,-0.013958674655,0.192732449201,0.0,466.16637631373,465.73190669923093,464.25565171842334,464.39179470369226
7.319999999999932,-32.228431469,5.41302930678,28.1951257471,5.96084262411,0.549045968351,0.0,-18.6391665221,-1.87297968689,-0.528994635793,-0.00408244658419,0.196580755537,0.0,466.16637631373,465.73190669923093,464.25565171842334,464.39179470369226
7.379999999999931,-33.3625708311,5.29859928527,28.1513672695,5.96071274862,0.560857835347,0.0,-19.1679283795,-1.94028558238,-0.933324156116,0.00141915652487,0.197424963754,0.0,466.16637631373,465.73190669923093,464.25565171842334,464.39179470369226
7.439999999999929,-34.5289443157,5.18035110148,28.0825865883,5.96089245759,0.572718935698,0.0,-19.7137838311,-2.00018304618,-1.36329540134,0.00597441861089,0.198199232082,0.0,466.16637631373,465.73190669923093,464.25565171842334,464.39179470369226
7.499999999999928,-35.7286037543,5.05874569447,27.9871904472,5.961274505,0.584610910199,0.0,-20.2776255479,-2.05212260324,-1.82075621029,0.00714219764814,0.198200259979,0.0,466.16637631373,465.73190669923093,464.25565171842334,464.39179470369226
7.559999999999927,-36.962657526,4.93427758924,27.8634688873,5.96164989625,0.596553839749,0.0,-20.8604461123,-2.09553362249,-2.3077535778,0.00442350510791,0.200691446188,0.0,466.16637631373,465.73190669923093,464.25565171842334,464.39179470369226
7.6199999999999255,-38.2322866752,4.80747180453,27.7095967906,5.9618852243,0.608717498146,0.0,-21.4636485156,-2.12995385414,-2.8261176172,0.00289999073149,0.206511133336,0.0,466.16637631373,465.73190669923093,464.25565171842334,464.39179470369226
7.679999999999924,-39.5387536931,4.67888599696,27.5236239153,5.96188294007,0.621331162569,0.0,-22.0885328148,-2.15474882658,-3.37820182506,-0.00667940027291,0.216771484003,0.0,466.16637631373,465.73190669923093,464.25565171842334,464.39179470369226
7.739999999999923,-40.8833876401,4.54912428414,27.3034337567,5.96135594435,0.634453859824,0.0,-22.7360110388,-2.16900562841,-3.96719147101,-0.0133633359953,0.222327743669,0.0,466.16637631373,465.73190669923093,464.25565171842334,464.39179470369226
7.799999999999922,-42.2675697881,4.41885103099,27.0467049103,5.96051405518,0.647954754243,0.0,-23.4069886138,-2.17164529628,-4.59666114129,-0.0154023895274,0.229901546451,0.0,466.16637631373,465.73190669923093,464.25565171842334,464.39179470369226
7.85999999999992,-43.6927506388,4.28879517741,26.750906094,5.95956712776,0.661798543179,0.0,-24.1028322427,-2.16157981692,-5.27008732717,-0.0165525794036,0.232333863166,0.0,466.16637631373,465.73190669923093,464.25565171842334,464.39179470369226
7.919999999999919,-45.1604776426,4.15975174486,26.4132968653,5.95858197444,0.67588522911,0.0,-24.825457739,-2.13770738616,-5.99093395072,-0.016153846701,0.239257818082,0.0,466.16637631373,465.73190669923093,464.25565171842334,464.39179470369226
7.979999999999918,-46.6724193918,4.03258676911,26.0309148663,5.95765913498,0.690445006103,0.0,-25.5768902349,-2.09873043083,-6.76323643863,-0.0138775290499,0.24871485387,0.0,466.16637631373,465.73190669923093,464.25565171842334,464.39179470369226
8.039999999999917,-48.2303353252,3.90826266687,25.6004998279,5.9567500142,0.705651554475,0.0,-26.3581463907,-2.04273886557,-7.59287575657,-0.0178311229926,0.261514056687,0.0,466.16637631373,465.73190669923093,464.25565171842334,464.39179470369226
8.099999999999916,-49.8360423159,3.78786457981,25.1184170812,5.95566221677,0.721485501689,0.0,-27.1701266214,-1.96754113657,-8.48644702558,-0.0187343822383,0.268277804275,0.0,466.16637631373,465.73190669923093,464.25565171842334,464.39179470369226
8.159999999999915,-51.4914517147,3.67260438735,24.5806543057,5.95454648875,0.737764246186,0.0,-28.0152021199,-1.87113190616,-9.44989769822,-0.0183190942774,0.276767768143,0.0,466.16637631373,465.73190669923093,464.25565171842334,464.39179470369226
8.219999999999914,-53.1986068165,3.56383022687,23.9827945686,5.95353497326,0.754571602612,0.0,-28.8953044146,-1.75094423238,-10.490861636,-0.014087010753,0.286092694144,0.0,466.16637631373,465.73190669923093,464.25565171842334,464.39179470369226
8.279999999999912,-54.9596750284,3.4630528151,23.3199331712,5.95291026732,0.77198336988,0.0,-29.8126569183,-1.60413155573,-11.6179915452,-0.00392231914914,0.297331642343,0.0,466.16637631373,465.73190669923093,464.25565171842334,464.39179470369226
8.339999999999911,-56.7769555501,3.37196516438,22.586597175,5.95302515981,0.78994561585,0.0,-30.7694632963,-1.42747629907,-12.8416038923,0.0115857658735,0.303156266746,0.0,466.16637631373,465.73190669923093,464.25565171842334,464.39179470369226
8.39999999999991,-58.6529240689,3.29245204461,21.7766712218,5.95400448357,0.808275412504,0.0,-31.7695352121,-1.21781523481,-14.1727890507,0.0244212892098,0.3097980146,0.0,466.16637631373,465.73190669923093,464.25565171842334,464.39179470369226
8.459999999999908,-60.5902941638,3.22660429301,20.8833031971,5.95567166543,0.826879844719,0.0,-32.8169084441,-0.971385246257,-15.6251167462,0.033784896361,0.310618504416,0.0,466.16637631373,465.73190669923093,464.25565171842334,464.39179470369226
8.519999999999907,-62.5920821631,3.17674778018,19.8987849475,5.95792160741,0.845470736471,0.0,-33.9178363111,-0.684115211587,-17.2135560447,0.0440479024221,0.308265642833,0.0,466.16637631373,465.73190669923093,464.25565171842334,464.39179470369226
8.579999999999906,-64.6617299334,3.14547436264,18.8144237975,5.96063085547,0.863929668042,0.0,-35.0802536028,-0.351178445247,-18.9560986557,0.0472789278803,0.306389275584,0.0,466.16637631373,465.73190669923093,464.25565171842334,464.39179470369226
8.639999999999905,-66.8032295418,3.13569139806,17.6203569328,5.96353259638,0.882236430968,0.0,-36.3145027843,0.033214095861,-20.8739247466,0.0504449383093,0.302436319907,0.0,466.16637631373,465.73190669923093,464.25565171842334,464.39179470369226
8.699999999999903,-69.0212368613,3.15070171996,16.3052960536,5.96659566488,0.900351950098,0.0,-37.6325487162,0.47645832815,-22.9935191216,0.0522363681507,0.300885979216,0.0,466.16637631373,465.73190669923093,464.25565171842334,464.39179470369226
8.759999999999902,-71.3212251954,3.19429728779,14.8562004836,5.96977838797,0.918420297293,0.0,-39.049580694,0.987563741966,-25.3471248133,0.0546156353467,0.301639364196,0.0,466.16637631373,465.73190669923093,464.25565171842334,464.39179470369226
8.8199999999999,-73.7096264349,3.27088575272,13.2578307385,5.97307584056,0.936566439498,0.0,-40.5824865162,1.57811244788,-27.9761048106,0.0556324710799,0.303978703116,0.0,466.16637631373,465.73190669923093,464.25565171842334,464.39179470369226
8.8799999999999,-76.1940152196,3.38565095774,11.4921706406,5.97643391724,0.954731184019,0.0,-42.2527154349,2.26252628028,-30.9320620495,0.0566303212824,0.300165279299,0.0,466.16637631373,465.73190669923093,464.25565171842334,464.39179470369226
8.939999999999898,-78.7834616466,3.54475033178,9.53771695564,5.97993463966,0.972741212634,0.0,-44.0892935151,3.05895229226,-34.2801823543,0.0615706638737,0.30017086051,0.0,466.16637631373,465.73190669923093,464.25565171842334,464.39179470369226
8.999999999999897,-81.4890113563,3.75557748971,7.36848223848,5.98376086575,0.990921918036,0.0,-46.1287966589,3.99069340932,-38.1059483327,0.067840388599,0.308149180339,0.0,466.16637631373,465.73190669923093,464.25565171842334,464.39179470369226
9.059999999999896,-84.3241263692,4.02712783061,4.95252949569,5.98793973892,1.00944130142,0.0,-48.4155180408,5.08821481375,-42.5235991401,0.0730360701061,0.309649380673,0.0,466.16637631373,465.73190669923093,464.25565171842334,464.39179470369226
9.119999999999894,-87.3053604106,4.37050450863,2.24995809118,5.99244851974,1.02805633511,0.0,-51.0099504443,6.39178747345,-47.6862117097,0.0790619585997,0.311423514823,0.0,466.16637631373,465.73190669923093,464.25565171842334,464.39179470369226
9.179999999999893,-90.4535627062,4.79963546397,0.0,5.99718654948,1.04668894376,0.0,-53.9957341384,7.95617359518,-53.8047389464,0.0787770126877,0.308727668872,0.0,466.16637631373,465.73190669923093,464.25565171842334,464.39179470369226
