time,x,y,z,phi,theta,psi,x_velocity,y_velocity,z_velocity,phi_velocity,theta_velocity,psi_velocity,rotor_speed1,rotor_speed2,rotor_speed3,rotor_speed4
0.06,2.13503304647e-07,-2.66090267557e-07,0.0699578752052,6.28308463355,6.28310898058,0.0,2.30342595473e-05,-2.96063332986e-05,2.33028820561,-0.0052652357455,-0.0039465312538,0.0,442.34323312687343,439.0821887633633,438.570811148177,439.17901349438574
0.12000000000000001,1.09123670768e-05,-1.62047499016e-05,0.279052758665,6.28261605492,6.28312937632,0.0,0.000374356870866,-0.000665840025756,4.63325310842,-0.0134583833562,0.00777003745764,0.0,442.34323312687343,439.0821887633633,438.570811148177,439.17901349438574
0.18,2.95872627439e-05,-0.000117351125913,0.624732426348,6.28182687648,0.000696448823177,0.0,-1.18617522073e-05,-0.0030319429295,6.8787741925,-0.012549016893,0.0206886708624,0.0,442.34323312687343,439.0821887633633,438.570811148177,439.17901349438574
0.23999999999999996,-4.90326443877e-05,-0.00042333822378,1.10269513559,6.28106817181,0.00224375709868,0.0,-0.00316608492438,-0.00745211761267,9.03887398072,-0.0128379073106,0.0344170008697,0.0,442.34323312687343,439.0821887633633,438.570811148177,439.17901349438574
0.3,-0.00044898758438,-0.00105096698328,1.70715292309,6.28008088975,0.00452647742248,0.0,-0.010967705755,-0.0137657214166,11.0921319246,-0.0249011300363,0.0444603326306,0.0,442.34323312687343,439.0821887633633,438.570811148177,439.17901349438574
0.36000000000000004,-0.00148983083155,-0.00213405054133,2.43106419259,6.27837458878,0.00755989514034,0.0,-0.0246883615975,-0.0228565990889,13.0183031816,-0.0366654500744,0.060581522613,0.0,442.34323312687343,439.0821887633633,438.570811148177,439.17901349438574
0.4200000000000001,-0.00356403801745,-0.00388028750051,3.26636330061,6.27591098563,0.0116425257053,0.0,-0.0456314923938,-0.0360453498181,14.8035243718,-0.0517412712438,0.079864443266,0.0,442.34323312687343,439.0821887633633,438.570811148177,439.17901349438574
0.48000000000000015,-0.00714901746899,-0.00657220981415,4.20436000972,6.27262384304,0.016999767133,0.0,-0.075264408501,-0.0545526819513,16.440788098,-0.061698757419,0.103477254465,0.0,442.34323312687343,439.0821887633633,438.570811148177,439.17901349438574
0.5400000000000001,-0.0128082666174,-0.010553042575,5.23606246864,6.26876968693,0.0234640344132,0.0,-0.114912269355,-0.0790409969261,17.9269803471,-0.0698636799881,0.115122668537,0.0,442.34323312687343,439.0821887633633,438.570811148177,439.17901349438574
0.6000000000000002,-0.0211529032171,-0.0161840068482,6.35245887051,6.26449368558,0.0306429034592,0.0,-0.164710634702,-0.109526288051,19.2644229377,-0.0742302727685,0.127428844151,0.0,442.34323312687343,439.0821887633633,438.570811148177,439.17901349438574
0.6600000000000003,-0.0327775512494,-0.0238127689371,7.54474178847,6.26012241265,0.0386134346802,0.0,-0.224179324049,-0.14551888988,20.4575015886,-0.0702372250663,0.141911364905,0.0,442.34323312687343,439.0821887633633,438.570811148177,439.17901349438574
0.7200000000000003,-0.0482508866982,-0.0337391446211,8.80449159399,6.25588952904,0.0473342608527,0.0,-0.292934066245,-0.18592271329,21.5146076984,-0.0711768101503,0.151452841908,0.0,442.34323312687343,439.0821887633633,438.570811148177,439.17901349438574
0.7800000000000004,-0.0681093309013,-0.0461949470288,10.1237794829,6.25164019235,0.056376703879,0.0,-0.370204647993,-0.22972496408,22.4436359655,-0.0701227895624,0.149174996602,0.0,442.34323312687343,439.0821887633633,438.570811148177,439.17901349438574
0.8400000000000004,-0.0928271648241,-0.0613624278952,11.4952637853,6.2475300704,0.0654732216189,0.0,-0.454696582729,-0.276196771914,23.2561112422,-0.0654442576761,0.156073906946,0.0,442.34323312687343,439.0821887633633,438.570811148177,439.17901349438574
0.9000000000000005,-0.122805610543,-0.0793773815879,12.9122878247,6.24375388067,0.0751853088151,0.0,-0.54550090005,-0.324512351968,23.9632773756,-0.0583429892459,0.171468698015,0.0,442.34323312687343,439.0821887633633,438.570811148177,439.17901349438574
0.9600000000000005,-0.158422046684,-0.100326491846,14.3688993064,6.24020452211,0.0855656836656,0.0,-0.64264175351,-0.373901959618,24.5772894672,-0.060833055553,0.175912751806,0.0,442.34323312687343,439.0821887633633,438.570811148177,439.17901349438574
1.0200000000000005,-0.200049670539,-0.124260972275,15.8597926803,6.23672665,0.0963160277856,0.0,-0.745822726275,-0.424009775524,25.1075513131,-0.0527709226099,0.184995678701,0.0,442.34323312687343,439.0821887633633,438.570811148177,439.17901349438574
1.0800000000000005,-0.248047714409,-0.151215354168,17.3802688752,6.23378688743,0.107547891983,0.0,-0.854997082562,-0.474473435775,25.564805416,-0.0423525473568,0.19126783165,0.0,442.34323312687343,439.0821887633633,438.570811148177,439.17901349438574
1.1400000000000006,-0.302777531333,-0.181192766707,18.9262298073,6.23143376288,0.119191438716,0.0,-0.970224698505,-0.524693572636,25.9583377658,-0.0335916856566,0.199119829187,0.0,442.34323312687343,439.0821887633633,438.570811148177,439.17901349438574
1.2000000000000006,-0.364603729088,-0.214162784895,20.494079775,6.22951763425,0.13124572156,0.0,-1.09158040427,-0.574179937898,26.295629426,-0.0288136135613,0.204249710065,0.0,442.34323312687343,439.0821887633633,438.570811148177,439.17901349438574
1.2600000000000007,-0.43390276709,-0.250075561812,22.0806890601,6.22793089609,0.14367270766,0.0,-1.21935766837,-0.622771144834,26.5846962195,-0.0220869546831,0.212300828027,0.0,442.34323312687343,439.0821887633633,438.570811148177,439.17901349438574
1.3200000000000007,-0.511064677073,-0.288871773091,23.6833290385,6.2266192305,0.156361681573,0.0,-1.35373404813,-0.670282424435,26.8309393772,-0.0214131551859,0.209797654698,0.0,442.34323312687343,439.0821887633633,438.570811148177,439.17901349438574
1.3800000000000008,-0.596500848895,-0.33049107601,25.2996746914,6.22516578193,0.169155768301,0.0,-1.49517171759,-0.716909399621,27.0423252511,-0.0305401396228,0.219339442645,0.0,442.34323312687343,439.0821887633633,438.570811148177,439.17901349438574
1.4400000000000008,-0.690643443962,-0.374891919297,26.9277761503,6.22328107408,0.182572414232,0.0,-1.64406243323,-0.763088924895,27.2235051419,-0.0332145605182,0.23100530796,0.0,442.34323312687343,439.0821887633633,438.570811148177,439.17901349438574
1.5000000000000009,-0.793962931095,-0.4220607608,28.5659487969,6.22149719717,0.196551348363,0.0,-1.80118971469,-0.809200233281,27.3786399016,-0.0235444650738,0.236662298985,0.0,442.34323312687343,439.0821887633633,438.570811148177,439.17901349438574
1.560000000000001,-0.906967314643,-0.471990375503,30.2127104452,6.2200105812,0.210731574832,0.0,-1.96696130664,-0.855084153596,27.510329224,-0.0273633258131,0.235679939137,0.0,442.34323312687343,439.0821887633633,438.570811148177,439.17901349438574
1.620000000000001,-1.03019148667,-0.524669248528,31.8667844108,6.21812878765,0.224951064011,0.0,-2.14187400217,-0.900893202565,27.6227954917,-0.0408860753419,0.239488805873,0.0,442.34323312687343,439.0821887633633,438.570811148177,439.17901349438574
1.680000000000001,-1.16418064902,-0.580104301605,33.5270473817,6.21555815086,0.239236769518,0.0,-2.32585179672,-0.947057383495,27.7170259894,-0.0470784499179,0.235156859635,0.0,442.34323312687343,439.0821887633633,438.570811148177,439.17901349438574
1.740000000000001,-1.30949645525,-0.638336532581,35.1925297442,6.21253259979,0.253312971683,0.0,-2.51941063328,-0.994183562663,27.7970360802,-0.0581380253752,0.233474946427,0.0,442.34323312687343,439.0821887633633,438.570811148177,439.17901349438574
1.8000000000000012,-1.46671045356,-0.699435637148,36.8624223924,6.20873339504,0.267402861246,0.0,-2.72247173974,-1.04270089233,27.8642687175,-0.0764844780573,0.23741052232,0.0,442.34323312687343,439.0821887633633,438.570811148177,439.17901349438574
1.8600000000000012,-1.63640493601,-0.763506311925,38.5360249428,6.20402847206,0.281550943759,0.0,-2.93546844439,-1.09334906404,27.9208877192,-0.0825852981631,0.232378476274,0.0,442.34323312687343,439.0821887633633,438.570811148177,439.17901349438574
1.9200000000000013,-1.81917784731,-0.830693426692,40.2127338752,6.19891141876,0.295328122551,0.0,-3.15836642364,-1.14662046402,27.9679265142,-0.0913136210445,0.223448480051,0.0,442.34323312687343,439.0821887633633,438.570811148177,439.17901349438574
1.9800000000000013,-2.01560038911,-0.901160659918,41.8919642089,6.19334596706,0.308687544577,0.0,-3.39037643855,-1.20273528048,28.0050396693,-0.0958120753248,0.221028220631,0.0,442.34323312687343,439.0821887633633,438.570811148177,439.17901349438574
2.0400000000000014,-2.22621187604,-0.97508781374,43.573154271,6.18739608249,0.322050080684,0.0,-3.63131961019,-1.26198212802,28.0333472489,-0.106887087513,0.225869278235,0.0,442.34323312687343,439.0821887633633,438.570811148177,439.17901349438574
2.1000000000000014,-2.45155972509,-1.05267447135,45.2558188629,6.18080840002,0.335943147643,0.0,-3.88166504483,-1.32478744433,28.0542844707,-0.116351425547,0.240990531412,0.0,442.34323312687343,439.0821887633633,438.570811148177,439.17901349438574
2.1600000000000015,-2.69222406786,-1.13414533164,46.9395134037,6.17379755704,0.350866269557,0.0,-4.14205256895,-1.39151155407,28.0677977161,-0.117857344417,0.26085876479,0.0,442.34323312687343,439.0821887633633,438.570811148177,439.17901349438574
2.2200000000000015,-2.9488297268,-1.21973811402,48.6237684436,6.16637127307,0.366609890045,0.0,-4.41322724817,-1.46220959008,28.0730822709,-0.139483726166,0.265293271904,0.0,442.34323312687343,439.0821887633633,438.570811148177,439.17901349438574
2.2800000000000016,-3.22207846898,-1.30971381542,50.3081844092,6.1575822687,0.382489500786,0.0,-4.69684439935,-1.53774392239,28.0731557973,-0.166581350852,0.263365820098,0.0,442.34323312687343,439.0821887633633,438.570811148177,439.17901349438574
2.3400000000000016,-3.51268345663,-1.40438261134,51.9923637688,6.14742724314,0.398256852541,0.0,-4.99174941618,-1.61881319193,28.0652369186,-0.175200016584,0.261612854227,0.0,442.34323312687343,439.0821887633633,438.570811148177,439.17901349438574
2.4000000000000017,-3.82134647501,-1.50411076561,53.6759038075,6.13672171778,0.413998611673,0.0,-5.29873024745,-1.70643598891,28.0517878227,-0.185803236988,0.263818547859,0.0,442.34323312687343,439.0821887633633,438.570811148177,439.17901349438574
2.4600000000000017,-4.1487885258,-1.60930307443,55.3584675479,6.12528611029,0.429909518078,0.0,-5.6177121519,-1.80101524594,28.0326470902,-0.202472667974,0.26777223463,0.0,442.34323312687343,439.0821887633633,438.570811148177,439.17901349438574
2.520000000000002,-4.49571234364,-1.72038681878,57.0396648875,6.11305659807,0.446011211311,0.0,-5.94814467719,-1.90291365259,28.0062334848,-0.206672729529,0.269512403943,0.0,442.34323312687343,439.0821887633633,438.570811148177,439.17901349438574
2.580000000000002,-4.86282467631,-1.83782048949,58.7190926734,6.10055841567,0.462372993481,0.0,-6.29064826853,-2.01268933959,27.9735856148,-0.211774934223,0.278393731446,0.0,442.34323312687343,439.0821887633633,438.570811148177,439.17901349438574
2.640000000000002,-5.25085681252,-1.96208060142,60.3963686851,6.08780174248,0.479314668977,0.0,-6.64553332811,-2.13047280331,27.9344413144,-0.214335522579,0.289290022172,0.0,442.34323312687343,439.0821887633633,438.570811148177,439.17901349438574
2.700000000000002,-5.66054665769,-2.09364117229,62.0710522299,6.07500249086,0.496961098256,0.0,-7.0126628403,-2.25602350721,27.8871215855,-0.211368288314,0.302308098997,0.0,442.34323312687343,439.0821887633633,438.570811148177,439.17901349438574
2.760000000000002,-6.09262728726,-2.23295418795,63.7426051861,6.06226511651,0.515189147026,0.0,-7.39197761015,-2.38884001978,27.8300430963,-0.214195547352,0.306623787474,0.0,442.34323312687343,439.0821887633633,438.570811148177,439.17901349438574
2.820000000000002,-6.54785670771,-2.38045461948,65.4104617806,6.04936137263,0.533937652024,0.0,-7.78430247886,-2.52891277496,27.7638193284,-0.216851844055,0.32214365579,0.0,442.34323312687343,439.0821887633633,438.570811148177,439.17901349438574
2.880000000000002,-7.02701949538,-2.53656885399,67.0740423536,6.03658652966,0.553670199152,0.0,-8.18989302607,-2.67591991451,27.6874392014,-0.206027228663,0.339730498995,0.0,442.34323312687343,439.0821887633633,438.570811148177,439.17901349438574
2.940000000000002,-7.53094785399,-2.7016993788,68.7327362708,6.02417163139,0.574373967389,0.0,-8.6099310756,-2.82932676008,27.6008087927,-0.208749200262,0.35400255664,0.0,442.34323312687343,439.0821887633633,438.570811148177,439.17901349438574
3.000000000000002,-8.0605459423,-2.87621733291,70.3859295081,6.01163669895,0.595965610913,0.0,-9.04563340703,-2.98877682998,27.5039449147,-0.209249751938,0.369535300198,0.0,442.34323312687343,439.0821887633633,438.570811148177,439.17901349438574
3.0600000000000023,-8.61676658113,-3.0604704514,72.0329737986,5.99909548986,0.618123324234,0.0,-9.49738189351,-3.15374602853,27.3956891628,-0.208565613164,0.368812204362,0.0,442.34323312687343,439.0821887633633,438.570811148177,439.17901349438574
3.1200000000000023,-9.20056200268,-3.25477026222,73.6731516305,5.9868537455,0.640277145408,0.0,-9.96461590257,-3.32353703017,27.2748794423,-0.19623618351,0.370051292254,0.0,442.34323312687343,439.0821887633633,438.570811148177,439.17901349438574
3.1800000000000024,-9.81279448223,-3.45936063365,75.3056332939,5.97564731343,0.662492137499,0.0,-10.4451130727,-3.49653981512,27.1390041786,-0.172548573064,0.370642876209,0.0,442.34323312687343,439.0821887633633,438.570811148177,439.17901349438574
3.2400000000000024,-10.4542295531,-3.67438583465,76.9294955322,5.96578627327,0.684769931793,0.0,-10.9378323821,-3.67108030189,26.9874219421,-0.151622084232,0.372569036379,0.0,442.34323312687343,439.0821887633633,438.570811148177,439.17901349438574
3.3000000000000025,-11.1255723055,-3.89988735551,78.5437822874,5.95692582076,0.707283916646,0.0,-11.4418772736,-3.84551352446,26.8197080407,-0.140768312203,0.380075781792,0.0,442.34323312687343,439.0821887633633,438.570811148177,439.17901349438574
3.3600000000000025,-11.8274760056,-4.13581614894,80.1475036457,5.94881069541,0.730131131802,0.0,-11.9564491069,-4.01848393196,26.6351632102,-0.126037860779,0.382168234796,0.0,442.34323312687343,439.0821887633633,438.570811148177,439.17901349438574
3.4200000000000026,-12.5605621037,-4.3820527043,81.7396477094,5.94163690631,0.753179712575,0.0,-12.4811282266,-4.18890947858,26.4337098809,-0.109033327662,0.387814698512,0.0,442.34323312687343,439.0821887633633,438.570811148177,439.17901349438574
3.4800000000000026,-13.3254143937,-4.63840700013,83.3191897332,5.93541260988,0.776302801884,0.0,-13.0151676845,-4.35555105161,26.2150181244,-0.0948350619282,0.380037908208,0.0,442.34323312687343,439.0821887633633,438.570811148177,439.17901349438574
3.5400000000000027,-14.1225209661,-4.90460649007,84.8850541304,5.92973276379,0.798917865518,0.0,-13.5559658891,-4.51695381815,25.9777644371,-0.0943245740267,0.369830702547,0.0,442.34323312687343,439.0821887633633,438.570811148177,439.17901349438574
3.6000000000000028,-14.9522490015,-5.1803263949,86.4361462155,5.92393413356,0.821080224908,0.0,-14.102260231,-4.67286405498,25.7226037208,-0.101736910084,0.368443397441,0.0,442.34323312687343,439.0821887633633,438.570811148177,439.17901349438574
3.660000000000003,-15.814888175,-5.46523623403,87.971397256,5.91768835088,0.843048594999,0.0,-14.6528500621,-4.82329794144,25.449740283,-0.109286588285,0.361097020724,0.0,442.34323312687343,439.0821887633633,438.570811148177,439.17901349438574
3.720000000000003,-16.7106357306,-5.75900274149,89.4897288132,5.91092635355,0.864558870977,0.0,-15.2056481901,-4.96810671185,25.1586588385,-0.120584184102,0.352756807644,0.0,442.34323312687343,439.0821887633633,438.570811148177,439.17901349438574
3.780000000000003,-17.6395922351,-6.06129810518,90.9900673134,5.90382610812,0.885711142594,0.0,-15.7595915526,-5.10761151707,24.8500088163,-0.114188460835,0.35209764312,0.0,442.34323312687343,439.0821887633633,438.570811148177,439.17901349438574
3.840000000000003,-18.6017660837,-6.37179366383,92.471348888,5.89697897306,0.906811416165,0.0,-16.3127666964,-5.2413852364,24.5234725132,-0.113980306956,0.350807047318,0.0,442.34323312687343,439.0821887633633,438.570811148177,439.17901349438574
3.900000000000003,-19.5971068116,-6.69014230858,93.9325253984,5.89004157165,0.927754223787,0.0,-16.8650109891,-5.36935420966,24.1798790198,-0.119127346386,0.345282730507,0.0,442.34323312687343,439.0821887633633,438.570811148177,439.17901349438574
3.960000000000003,-20.6255028265,-7.01598611975,95.3725663327,5.88268514458,0.948414308195,0.0,-17.4144478614,-5.49123650731,23.8190224754,-0.130669978233,0.342373831745,0.0,442.34323312687343,439.0821887633633,438.570811148177,439.17901349438574
4.020000000000002,-21.6867743373,-7.34896934467,96.7904617453,5.87475653638,0.968809216082,0.0,-17.9607275093,-5.60736374996,23.441754944,-0.135263253218,0.334495396516,0.0,442.34323312687343,439.0821887633633,438.570811148177,439.17901349438574
4.080000000000001,-22.7807179692,-7.68875550737,98.1852522654,5.86654189169,0.988733563968,0.0,-18.5032898271,-5.71799666255,23.0489187749,-0.140424145929,0.326739658099,0.0,442.34323312687343,439.0821887633633,438.570811148177,439.17901349438574
4.14,-23.9070234008,-8.0350031295,99.5559907931,5.85802506863,1.00820500128,0.0,-19.0392800469,-5.82275727935,22.6401192581,-0.145177766997,0.319691246316,0.0,442.34323312687343,439.0821887633633,438.570811148177,439.17901349438574
4.199999999999998,-25.0652986793,-8.3873715262,100.90176054,5.84931650928,1.0273569337,0.0,-19.5687833086,-5.92202106885,22.2167044456,-0.145072602973,0.318198196031,0.0,442.34323312687343,439.0821887633633,438.570811148177,439.17901349438574
4.259999999999997,-26.2550976872,-8.74552122829,102.221683179,5.84064027774,1.04656988045,0.0,-20.09002797,-6.01544974883,21.7786317737,-0.143683467918,0.323963694308,0.0,442.34323312687343,439.0821887633633,438.570811148177,439.17901349438574
4.319999999999996,-27.475926527,-9.10909841352,103.514896211,5.83203231022,1.06602715685,0.0,-20.6031411441,-6.10290844825,21.3264452345,-0.143035410113,0.324926964027,0.0,442.34323312687343,439.0821887633633,438.570811148177,439.17901349438574
4.379999999999995,-28.7273255612,-9.47774654789,104.78057984,5.82340596592,1.08555183187,0.0,-21.1089746043,-6.18445627411,20.8610379578,-0.145287007055,0.326360116291,0.0,442.34323312687343,439.0821887633633,438.570811148177,439.17901349438574
4.439999999999993,-30.0088632269,-9.8511104996,106.017958942,5.81460448447,1.10503683799,0.0,-21.6076853081,-6.26008629223,20.3830091738,-0.149655867069,0.321328141465,0.0,442.34323312687343,439.0821887633633,438.570811148177,439.17901349438574
4.499999999999992,-31.3200649435,-10.2288273436,107.226275629,5.80553198808,1.12437833559,0.0,-22.0976644974,-6.32955775149,19.892370008,-0.154505324968,0.32433773112,0.0,442.34323312687343,439.0821887633633,438.570811148177,439.17901349438574
4.559999999999991,-32.6603781231,-10.6105244308,108.404781039,5.79604271728,1.14377073787,0.0,-22.578063015,-6.39276276047,19.3893665912,-0.166677704859,0.32084951408,0.0,442.34323312687343,439.0821887633633,438.570811148177,439.17901349438574
4.6199999999999894,-34.0292045445,-10.9958248958,109.55274206,5.78579715416,1.1630253526,0.0,-23.0480463742,-6.44970028747,18.8743132327,-0.18050334828,0.321031110474,0.0,442.34323312687343,439.0821887633633,438.570811148177,439.17901349438574
4.679999999999988,-35.4259102925,-11.3843581962,110.669453076,5.77470925896,1.1820928031,0.0,-23.507339935,-6.50054897364,18.3477812686,-0.195165204162,0.310384449571,0.0,442.34323312687343,439.0821887633633,438.570811148177,439.17901349438574
4.739999999999987,-36.8498676453,-11.7757719872,111.754256668,5.76274476086,1.20071412242,0.0,-23.9562593746,-6.54575097102,17.8108342127,-0.209620449769,0.310297153549,0.0,442.34323312687343,439.0821887633633,438.570811148177,439.17901349438574
4.799999999999986,-38.3004331786,-12.1697329738,112.806546494,5.74994090247,1.21918940784,0.0,-24.3942375504,-6.585468072,17.2640611992,-0.222271248653,0.302702199862,0.0,442.34323312687343,439.0821887633633,438.570811148177,439.17901349438574
4.859999999999984,-39.776940263,-12.5659164871,113.825751656,5.73641649462,1.23714379914,0.0,-24.8208332783,-6.61985784531,16.7081135883,-0.232545011203,0.291239038676,0.0,442.34323312687343,439.0821887633633,438.570811148177,439.17901349438574
4.919999999999983,-41.2786869645,-12.9640102463,114.811347308,5.72239014406,1.25450355054,0.0,-25.2353825289,-6.64916821353,16.1438594951,-0.23634291304,0.285216858488,0.0,442.34323312687343,439.0821887633633,438.570811148177,439.17901349438574
4.979999999999982,-42.8048862767,-13.3637067762,115.762846831,5.70824816241,1.27136148107,0.0,-25.6358479983,-6.67329823972,15.5716901574,-0.234445669329,0.270738154798,0.0,442.34323312687343,439.0821887633633,438.570811148177,439.17901349438574
5.0399999999999805,-44.3546809471,-13.7647014392,116.679803747,5.69403407757,1.28723553679,0.0,-26.0217189273,-6.69247714886,14.9925866347,-0.242319450581,0.247920558875,0.0,442.34323312687343,439.0821887633633,438.570811148177,439.17901349438574
